local_slide( {"name":"B044EEA2-169E-42EC-A37D-9215F5F351F2","json":{"assets":{"55C26FC0BDED45F162865AAB1A291587":{"type":"texture","index":1,"assetRequest":{"type":"slide","state":"contents","slide":"none"},"url":{"native":"assets/B044EEA2-169E-42EC-A37D-9215F5F351F2.pdf"},"width":1920,"height":1080},"3C74E629BA6717817078DADD6B223615":{"type":"texture","index":2,"assetRequest":{"type":"slide","state":"contents","slide":"none"},"url":{"native":"assets/B044EEA2-169E-42EC-A37D-9215F5F351F2.pdf"},"width":1920,"height":540},"95CE3060BBD19D7531509C0A07306AD5":{"type":"texture","index":0,"assetRequest":{"type":"slide","state":"contents","slide":"none"},"url":{"native":"assets/B044EEA2-169E-42EC-A37D-9215F5F351F2.pdf"},"width":1920,"height":1080},"3A1EEF97C8F6AAF944C250557D31EACF":{"type":"texture","index":3,"assetRequest":{"type":"slide","state":"contents","slide":"none"},"url":{"native":"assets/B044EEA2-169E-42EC-A37D-9215F5F351F2.pdf"},"width":1920,"height":540}},"events":[{"effects":[{"beginTime":0,"baseLayer":{"animations":[],"initialState":{"affineTransform":[1,0,0,1,0,0],"masksToBounds":false,"rotation":0,"scale":1,"position":{"pointX":960,"pointY":540},"width":1920,"sublayerTransform":[1,0,0,0,0,1,0,0,0,0,1,0,0,0,0,1],"contentsRect":{"y":0,"x":0,"width":1,"height":1},"opacity":1,"edgeAntialiasingMask":251658240,"height":1080,"hidden":false,"anchorPoint":{"pointX":0.5,"pointY":0.5}},"objectID":"0","layers":[{"animations":[],"initialState":{"affineTransform":[1,0,0,1,0,0],"masksToBounds":false,"rotation":0,"scale":1,"position":{"pointX":960,"pointY":540},"width":1920,"sublayerTransform":[1,0,0,0,0,1,0,0,0,0,1,-0.0003500791246677598,0,0,0,1],"contentsRect":{"y":0,"x":0,"width":1,"height":1},"opacity":1,"edgeAntialiasingMask":251658240,"height":1080,"hidden":false,"anchorPoint":{"pointX":0.5,"pointY":0.5}},"layers":[{"animations":[{"timeOffset":0,"beginTime":0,"repeatCount":0,"animations":[{"timeOffset":0,"from":{"scalar":0.25},"beginTime":0,"repeatCount":0,"fillMode":"removed","duration":0.8500000238418579,"autoreverses":false,"timingFunction":"EaseOut","property":"opacity","to":{"scalar":1}},{"timeOffset":0,"values":[{"transform":[0,0,-1,0,0,1,0,0,1,0,0,0,-960,0,960,1]},{"transform":[0.02388551631779418,0,-0.9997147003571731,0,0,1,0,0,0.9997147003571731,0,0.02388551631779418,0,-959.7261123428862,0,868.2992431839804,1]},{"transform":[0.08715450548738878,0,-0.9961948063372187,0,0,1,0,0,0.9961948063372187,0,0.08715450548738878,0,-956.34701408373,0,626.2818214716818,1]},{"transform":[0.1792495202138544,0,-0.9838036437740526,0,0,1,0,0,0.9838036437740526,0,0.1792495202138544,0,-944.4514980230905,0,280.0430269370147,1]},{"transform":[0.2909018039436106,0,-0.9567529150529687,0,0,1,0,0,0.9567529150529687,0,0.2909018039436106,0,-918.4827984508499,0,-120.8306406674503,1]},{"transform":[0.4132113170329805,0,-0.9106351670542214,0,0,1,0,0,0.9106351670542214,0,0.4132113170329805,0,-874.2097603720525,0,-520.3829636909277,1]},{"transform":[0.5374974554394976,0,-0.8432653706847362,0,0,1,0,0,0.8432653706847362,0,0.5374974554394976,0,-809.5347558573467,0,-861.3661713113935,1]},{"transform":[0.6556486706545642,0,-0.755066103509423,0,0,1,0,0,0.755066103509423,0,0.6556486706545642,0,-724.8634593690462,0,-1095.190014452533,1]},{"transform":[0.7607282905084017,0,-0.6490704646031621,0,0,1,0,0,0.6490704646031621,0,0.7607282905084017,0,-623.1076460190357,0,-1192.346001964392,1]},{"transform":[0.8476245718837756,0,-0.5305964428252852,0,0,1,0,0,0.5305964428252852,0,0.8476245718837756,0,-509.3725851122738,0,-1148.989747163794,1]},{"transform":[0.9135706619029156,0,-0.4066800286592259,0,0,1,0,0,0.4066800286592259,0,0.9135706619029156,0,-390.4128275128569,0,-987.0369511657275,1]},{"transform":[0.9584081556608796,0,-0.2854011337796527,0,0,1,0,0,0.2854011337796527,0,0.9584081556608796,0,-273.9850884284666,0,-747.8404592723736,1]},{"transform":[0.9845192821505729,0,-0.1752763049408575,0,0,1,0,0,0.1752763049408575,0,0.9845192821505729,0,-168.2652527432232,0,-482.1196683894785,1]},{"transform":[0.996387896886753,0,-0.08491854295495981,0,0,1,0,0,0.08491854295495981,0,0.996387896886753,0,-81.52180123676142,0,-240.2143892654328,1]},{"transform":[0.9997313072969896,0,-0.02318001747739231,0,0,1,0,0,0.02318001747739231,0,0.9997313072969896,0,-22.25281677829662,0,-66.48256783153067,1]},{"transform":[1,0,0,0,0,1,0,0,0,0,1,0,0,0,0,1]}],"beginTime":0,"repeatCount":0,"fillMode":"removed","property":"transform","autoreverses":false,"duration":0.8500000238418579,"keyTimes":[0,0.06666666666666667,0.1333333333333333,0.2,0.2666666666666667,0.3333333333333333,0.4,0.4666666666666667,0.5333333333333333,0.6,0.6666666666666666,0.7333333333333333,0.8,0.8666666666666667,0.9333333333333333,1]}],"fillMode":"both","autoreverses":false,"duration":0.8500000238418579}],"layers":[{"animations":[],"layers":[],"initialState":{"affineTransform":[1,0,0,1,0,0],"masksToBounds":false,"rotation":0,"scale":1,"position":{"pointX":960,"pointY":1350},"width":1920,"sublayerTransform":[1,0,0,0,0,1,0,0,0,0,1,0,0,0,0,1],"contentsRect":{"y":0,"x":0,"width":1,"height":1},"opacity":1,"edgeAntialiasingMask":251658240,"height":540,"hidden":false,"anchorPoint":{"pointX":0.5,"pointY":0.5}},"texture":"3C74E629BA6717817078DADD6B223615"}],"texturedRectangle":{"isBackgroundTexture":false,"singleTextureOpacity":1,"textureType":0,"textBaseline":0,"textXHeight":0,"isVerticalText":false},"initialState":{"affineTransform":[1,0,0,1,0,0],"masksToBounds":false,"rotation":0,"scale":1,"position":{"pointX":960,"pointY":540},"width":1920,"sublayerTransform":[1,0,0,0,0,1,0,0,0,0,1,0,0,0,0,1],"contentsRect":{"y":0,"x":0,"width":1,"height":1},"opacity":1,"edgeAntialiasingMask":201326592,"height":1080,"hidden":false,"anchorPoint":{"pointX":0.5,"pointY":0.5}},"texture":"55C26FC0BDED45F162865AAB1A291587"},{"animations":[{"timeOffset":0,"beginTime":0,"repeatCount":0,"animations":[{"timeOffset":0,"from":{"scalar":1},"beginTime":0,"repeatCount":0,"fillMode":"removed","duration":0.8500000238418579,"autoreverses":false,"timingFunction":"EaseIn","property":"opacity","to":{"scalar":0.25}},{"timeOffset":0,"values":[{"transform":[1,0,0,0,0,1,0,0,0,0,1,0,0,0,0,1]},{"transform":[0.9997147003571731,0,0.0238855163177941,0,0,1,0,0,-0.0238855163177941,0,0.9997147003571731,0,22.93009566508233,0,-68.49677349382341,1]},{"transform":[0.9961948063372187,0,0.08715450548738878,0,0,1,0,0,-0.08715450548738878,0,0.9961948063372187,0,83.66832526789322,0,-246.3968673441549,1]},{"transform":[0.9838036437740526,0,0.1792495202138544,0,0,1,0,0,-0.1792495202138544,0,0.9838036437740526,0,172.0795394053002,0,-492.3289316807756,1]},{"transform":[0.9567529150529687,0,0.2909018039436106,0,0,1,0,0,-0.2909018039436106,0,0.9567529150529687,0,279.2657317858663,0,-760.047707332434,1]},{"transform":[0.9106351670542214,0,0.4132113170329805,0,0,1,0,0,-0.4132113170329805,0,0.9106351670542214,0,396.6828643516613,0,-997.909859711319,1]},{"transform":[0.8432653706847362,0,0.5374974554394975,0,0,1,0,0,-0.5374974554394975,0,0.8432653706847362,0,515.9975572219175,0,-1154.903369946823,1]},{"transform":[0.7550661035094232,0,0.6556486706545641,0,0,1,0,0,-0.6556486706545641,0,0.7550661035094232,0,629.4227238283815,0,-1190.630749993198,1]},{"transform":[0.6490704646031622,0,0.7607282905084016,0,0,1,0,0,-0.7607282905084016,0,0.6490704646031622,0,730.2991588880656,0,-1085.154489095362,1]},{"transform":[0.5305964428252853,0,0.8476245718837756,0,0,1,0,0,-0.8476245718837756,0,0.5305964428252853,0,813.7195890084246,0,-844.6427432676434,1]},{"transform":[0.406680028659226,0,0.9135706619029155,0,0,1,0,0,-0.9135706619029155,0,0.406680028659226,0,877.0278354267989,0,-500.4219432517855,1]},{"transform":[0.2854011337796528,0,0.9584081556608796,0,0,1,0,0,-0.9584081556608796,0,0.2854011337796528,0,920.0718294344443,0,-101.7537182663959,1]},{"transform":[0.1752763049408575,0,0.9845192821505729,0,0,1,0,0,-0.9845192821505729,0,0.1752763049408575,0,945.13851086455,0,294.7535897318483,1]},{"transform":[0.08491854295495986,0,0.996387896886753,0,0,1,0,0,-0.996387896886753,0,0.08491854295495986,0,956.5323810112828,0,634.7961905090885,1]},{"transform":[0.02318001747739237,0,0.9997313072969896,0,0,1,0,0,-0.9997313072969896,0,0.02318001747739237,0,959.7420550051099,0,871.0066703952825,1]},{"transform":[0,0,1,0,0,1,0,0,-1,0,0,0,960,0,959.9999999999998,1]}],"beginTime":0,"repeatCount":0,"fillMode":"removed","property":"transform","autoreverses":false,"duration":0.8500000238418579,"keyTimes":[0,0.06666666666666667,0.1333333333333333,0.2,0.2666666666666667,0.3333333333333333,0.4,0.4666666666666667,0.5333333333333333,0.6,0.6666666666666666,0.7333333333333333,0.8,0.8666666666666667,0.9333333333333333,1]}],"fillMode":"both","autoreverses":false,"duration":0.8500000238418579}],"layers":[{"animations":[],"layers":[],"initialState":{"affineTransform":[1,0,0,1,0,0],"masksToBounds":false,"rotation":0,"scale":1,"position":{"pointX":960,"pointY":1350},"width":1920,"sublayerTransform":[1,0,0,0,0,1,0,0,0,0,1,0,0,0,0,1],"contentsRect":{"y":0,"x":0,"width":1,"height":1},"opacity":1,"edgeAntialiasingMask":251658240,"height":540,"hidden":false,"anchorPoint":{"pointX":0.5,"pointY":0.5}},"texture":"3A1EEF97C8F6AAF944C250557D31EACF"}],"texturedRectangle":{"isBackgroundTexture":false,"singleTextureOpacity":1,"textureType":0,"textBaseline":0,"textXHeight":0,"isVerticalText":false},"initialState":{"affineTransform":[1,0,0,1,0,0],"masksToBounds":false,"rotation":0,"scale":1,"position":{"pointX":960,"pointY":540},"width":1920,"sublayerTransform":[1,0,0,0,0,1,0,0,0,0,1,0,0,0,0,1],"contentsRect":{"y":0,"x":0,"width":1,"height":1},"opacity":1,"edgeAntialiasingMask":201326592,"height":1080,"hidden":false,"anchorPoint":{"pointX":0.5,"pointY":0.5}},"texture":"95CE3060BBD19D7531509C0A07306AD5"}]}]},"effects":[],"duration":0.8500000238418579,"type":"transition","name":"com.apple.iWork.Keynote.BLTReflection","objectID":"0"}],"automaticPlay":false,"hyperlinks":[],"accessibility":[{"text":"19.7","targetRectangle":{"y":341.5000021457672,"x":653.4000015258789,"width":207.2,"height":137}},{"text":"NA","targetRectangle":{"y":345.5000021457672,"x":1076.100002527237,"width":151.8,"height":137}},{"text":"23.2","targetRectangle":{"y":617.5000021457672,"x":1055.985891723633,"width":207.1999999999998,"height":137}},{"text":"NA","targetRectangle":{"y":603.5000021457672,"x":681.1000025272369,"width":151.8,"height":137}}],"baseLayer":{"animations":[],"initialState":{"affineTransform":[1,0,0,1,0,0],"masksToBounds":false,"rotation":0,"scale":1,"position":{"pointX":960,"pointY":540},"width":1920,"sublayerTransform":[1,0,0,0,0,1,0,0,0,0,1,0,0,0,0,1],"contentsRect":{"y":0,"x":0,"width":1,"height":1},"opacity":1,"edgeAntialiasingMask":251658240,"height":1080,"hidden":false,"anchorPoint":{"pointX":0.5,"pointY":0.5}},"objectID":"0","layers":[{"animations":[],"initialState":{"affineTransform":[1,0,0,1,0,0],"masksToBounds":false,"rotation":0,"scale":1,"position":{"pointX":960,"pointY":540},"width":1920,"sublayerTransform":[1,0,0,0,0,1,0,0,0,0,1,-0.0003500791246677598,0,0,0,1],"contentsRect":{"y":0,"x":0,"width":1,"height":1},"opacity":1,"edgeAntialiasingMask":251658240,"height":1080,"hidden":false,"anchorPoint":{"pointX":0.5,"pointY":0.5}},"layers":[{"animations":[],"layers":[],"texturedRectangle":{"isBackgroundTexture":false,"singleTextureOpacity":1,"textureType":0,"textBaseline":0,"textXHeight":0,"isVerticalText":false},"initialState":{"affineTransform":[1,0,0,1,0,0],"masksToBounds":false,"rotation":0,"scale":1,"position":{"pointX":960,"pointY":540},"width":1920,"sublayerTransform":[1,0,0,0,0,1,0,0,0,0,1,0,0,0,0,1],"contentsRect":{"y":0,"x":0,"width":1,"height":1},"opacity":1,"edgeAntialiasingMask":0,"height":1080,"hidden":false,"anchorPoint":{"pointX":0.5,"pointY":0.5}},"texture":"95CE3060BBD19D7531509C0A07306AD5"}]}]}}]}} )