local_slide( {"name":"F0848CD2-4393-4477-91B8-7B6914489E43","json":{"assets":{"888D0C52296C78254B711A54D105EB2A":{"type":"texture","index":2,"assetRequest":{"type":"slide","state":"contents","slide":"none"},"url":{"native":"assets/F0848CD2-4393-4477-91B8-7B6914489E43.pdf"},"width":1920,"height":540},"4DCFD554D4799F82D4A8F30EE5B56762":{"type":"texture","index":3,"assetRequest":{"type":"slide","state":"contents","slide":"none"},"url":{"native":"assets/F0848CD2-4393-4477-91B8-7B6914489E43.pdf"},"width":1920,"height":540},"D82E557930E861E17CF4F599A410949E":{"type":"texture","index":1,"assetRequest":{"type":"slide","state":"contents","slide":"none"},"url":{"native":"assets/F0848CD2-4393-4477-91B8-7B6914489E43.pdf"},"width":1920,"height":1080},"850040A376B75732407BC03D35876272":{"type":"texture","index":0,"assetRequest":{"type":"slide","state":"contents","slide":"none"},"url":{"native":"assets/F0848CD2-4393-4477-91B8-7B6914489E43.pdf"},"width":1920,"height":1080}},"events":[{"effects":[{"beginTime":0,"baseLayer":{"animations":[],"initialState":{"affineTransform":[1,0,0,1,0,0],"masksToBounds":false,"rotation":0,"scale":1,"position":{"pointX":960,"pointY":540},"width":1920,"sublayerTransform":[1,0,0,0,0,1,0,0,0,0,1,0,0,0,0,1],"contentsRect":{"y":0,"x":0,"width":1,"height":1},"opacity":1,"edgeAntialiasingMask":251658240,"height":1080,"hidden":false,"anchorPoint":{"pointX":0.5,"pointY":0.5}},"objectID":"0","layers":[{"animations":[],"initialState":{"affineTransform":[1,0,0,1,0,0],"masksToBounds":false,"rotation":0,"scale":1,"position":{"pointX":960,"pointY":540},"width":1920,"sublayerTransform":[1,0,0,0,0,1,0,0,0,0,1,-0.0003500791246677598,0,0,0,1],"contentsRect":{"y":0,"x":0,"width":1,"height":1},"opacity":1,"edgeAntialiasingMask":251658240,"height":1080,"hidden":false,"anchorPoint":{"pointX":0.5,"pointY":0.5}},"layers":[{"animations":[{"timeOffset":0,"beginTime":0,"repeatCount":0,"animations":[{"timeOffset":0,"from":{"scalar":0.25},"beginTime":0,"repeatCount":0,"fillMode":"removed","duration":1.5,"autoreverses":false,"timingFunction":"EaseOut","property":"opacity","to":{"scalar":1}},{"timeOffset":0,"values":[{"transform":[0,0,-1,0,0,1,0,0,1,0,0,0,-960,0,960,1]},{"transform":[0.01144494066566141,0,-0.9999345045217509,0,0,1,0,0,0.9999345045217509,0,0.01144494066566141,0,-959.9371243408809,0,916.0535866684243,1]},{"transform":[0.04293566274419743,0,-0.9990778392421266,0,0,1,0,0,0.9990778392421266,0,0.04293566274419743,0,-959.1147256724415,0,795.2410845821743,1]},{"transform":[0.09078803332802969,0,-0.9958702390394185,0,0,1,0,0,0.9958702390394185,0,0.09078803332802969,0,-956.0354294778417,0,612.4537587024574,1]},{"transform":[0.1518140651118206,0,-0.9884090699878385,0,0,1,0,0,0.9884090699878385,0,0.1518140651118206,0,-948.872707188325,0,382.1018286368986,1]},{"transform":[0.2230706084138773,0,-0.9748022895243234,0,0,1,0,0,0.9748022895243234,0,0.2230706084138773,0,-935.8101979433504,0,119.5969652772756,1]},{"transform":[0.301712968482152,0,-0.9533988067171513,0,0,1,0,0,0.9533988067171513,0,0.301712968482152,0,-915.2628544484652,0,-158.0844680141484,1]},{"transform":[0.3849337011109848,0,-0.9229442267813365,0,0,1,0,0,0.9229442267813365,0,0.3849337011109848,0,-886.026457710083,0,-432.7206840123383,1]},{"transform":[0.4699669485960764,0,-0.8826840132387653,0,0,1,0,0,0.8826840132387653,0,0.4699669485960764,0,-847.3766527092147,0,-685.8853300081535,1]},{"transform":[0.5541401424585293,0,-0.8324233913796757,0,0,1,0,0,0.8324233913796757,0,0.5541401424585293,0,-799.1264557244887,0,-900.4586808128315,1]},{"transform":[0.6349563380038752,0,-0.7725480236391189,0,0,1,0,0,0.7725480236391189,0,0.6349563380038752,0,-741.6461026935541,0,-1062.296764867156,1]},{"transform":[0.7101917787633171,0,-0.7040082651340079,0,0,1,0,0,0.7040082651340079,0,0.7101917787633171,0,-675.8479345286477,0,-1161.729048002027,1]},{"transform":[0.7779947515584293,0,-0.6282707748634643,0,0,1,0,0,0.6282707748634643,0,0.7779947515584293,0,-603.1399438689257,0,-1194.594093851902,1]},{"transform":[0.8369735924939367,0,-0.54724327813852,0,0,1,0,0,0.54724327813852,0,0.8369735924939367,0,-525.3535470129792,0,-1162.615785512836,1]},{"transform":[0.8862639069405336,0,-0.4631806205515308,0,0,1,0,0,0.4631806205515308,0,0.8862639069405336,0,-444.6533957294696,0,-1073.054117863637,1]},{"transform":[0.9255675687403027,0,-0.3785824556106174,0,0,1,0,0,0.3785824556106174,0,0.9255675687403027,0,-363.4391573861927,0,-937.7073578515783,1]},{"transform":[0.9551585881552628,0,-0.2960947001775701,0,0,1,0,0,0.2960947001775701,0,0.9551585881552628,0,-284.2509121704672,0,-771.4663444808198,1]},{"transform":[0.9758530260372866,0,-0.2184281840190746,0,0,1,0,0,0.2184281840190746,0,0.9758530260372866,0,-209.6910566583116,0,-590.7018615147038,1]},{"transform":[0.9889411035787091,0,-0.1483087780696912,0,0,1,0,0,0.1483087780696912,0,0.9889411035787091,0,-142.3764269469036,0,-411.7891618009537,1]},{"transform":[0.9960784969235623,0,-0.08847388296269554,0,0,1,0,0,0.08847388296269554,0,0.9960784969235623,0,-84.93492764418772,0,-250.0409222390221,1]},{"transform":[0.9991288973900389,0,-0.04173064102269695,0,0,1,0,0,0.04173064102269695,0,0.9991288973900389,0,-40.06141538178908,0,-119.2432948293113,1]},{"transform":[0.9999384888478222,0,-0.01109137145414161,0,0,1,0,0,0.01109137145414161,0,0.9999384888478222,0,-10.64771659597594,0,-31.8821342218896,1]},{"transform":[1,0,0,0,0,1,0,0,0,0,1,0,0,0,0,1]}],"beginTime":0,"repeatCount":0,"fillMode":"removed","property":"transform","autoreverses":false,"duration":1.5,"keyTimes":[0,0.04545454545454546,0.09090909090909091,0.1363636363636364,0.1818181818181818,0.2272727272727273,0.2727272727272727,0.3181818181818182,0.3636363636363636,0.4090909090909091,0.4545454545454545,0.5,0.5454545454545454,0.5909090909090909,0.6363636363636364,0.6818181818181818,0.7272727272727273,0.7727272727272727,0.8181818181818182,0.8636363636363636,0.9090909090909091,0.9545454545454546,1]}],"fillMode":"both","autoreverses":false,"duration":1.5}],"layers":[{"animations":[],"layers":[],"initialState":{"affineTransform":[1,0,0,1,0,0],"masksToBounds":false,"rotation":0,"scale":1,"position":{"pointX":960,"pointY":1350},"width":1920,"sublayerTransform":[1,0,0,0,0,1,0,0,0,0,1,0,0,0,0,1],"contentsRect":{"y":0,"x":0,"width":1,"height":1},"opacity":1,"edgeAntialiasingMask":251658240,"height":540,"hidden":false,"anchorPoint":{"pointX":0.5,"pointY":0.5}},"texture":"888D0C52296C78254B711A54D105EB2A"}],"texturedRectangle":{"isBackgroundTexture":false,"singleTextureOpacity":1,"textureType":0,"textBaseline":0,"textXHeight":0,"isVerticalText":false},"initialState":{"affineTransform":[1,0,0,1,0,0],"masksToBounds":false,"rotation":0,"scale":1,"position":{"pointX":960,"pointY":540},"width":1920,"sublayerTransform":[1,0,0,0,0,1,0,0,0,0,1,0,0,0,0,1],"contentsRect":{"y":0,"x":0,"width":1,"height":1},"opacity":1,"edgeAntialiasingMask":201326592,"height":1080,"hidden":false,"anchorPoint":{"pointX":0.5,"pointY":0.5}},"texture":"D82E557930E861E17CF4F599A410949E"},{"animations":[{"timeOffset":0,"beginTime":0,"repeatCount":0,"animations":[{"timeOffset":0,"from":{"scalar":1},"beginTime":0,"repeatCount":0,"fillMode":"removed","duration":1.5,"autoreverses":false,"timingFunction":"EaseIn","property":"opacity","to":{"scalar":0.25}},{"timeOffset":0,"values":[{"transform":[1,0,0,0,0,1,0,0,0,0,1,0,0,0,0,1]},{"transform":[0.9999345045217509,0,0.01144494066566129,0,0,1,0,0,-0.01144494066566129,0,0.9999345045217509,0,10.98714303903484,0,-32.89639463342166,1]},{"transform":[0.9990778392421266,0,0.04293566274419741,0,0,1,0,0,-0.04293566274419741,0,0.9990778392421266,0,41.21823623442951,0,-122.6554048558377,1]},{"transform":[0.9958702390394185,0,0.09078803332802958,0,0,1,0,0,-0.09078803332802958,0,0.9958702390394185,0,87.1565119949084,0,-256.4251587804758,1]},{"transform":[0.9884090699878385,0,0.1518140651118206,0,0,1,0,0,-0.1518140651118206,0,0.9884090699878385,0,145.7415025073478,0,-421.0293760440786,1]},{"transform":[0.9748022895243234,0,0.2230706084138773,0,0,1,0,0,-0.2230706084138773,0,0.9748022895243234,0,214.1477840773222,0,-602.0654485887527,1]},{"transform":[0.9533988067171513,0,0.3017129684821519,0,0,1,0,0,-0.3017129684821519,0,0.9533988067171513,0,289.6444497428658,0,-783.7028727197477,1]},{"transform":[0.9229442267813365,0,0.3849337011109847,0,0,1,0,0,-0.3849337011109847,0,0.9229442267813365,0,369.5363530665453,0,-949.2107886558758,1]},{"transform":[0.8826840132387653,0,0.4699669485960764,0,0,1,0,0,-0.4699669485960764,0,0.8826840132387653,0,451.1682706522333,0,-1082.093712065135,1]},{"transform":[0.8324233913796758,0,0.5541401424585293,0,0,1,0,0,-0.5541401424585293,0,0.8324233913796758,0,531.9745367601881,0,-1167.610599777132,1]},{"transform":[0.7725480236391189,0,0.6349563380038752,0,0,1,0,0,-0.6349563380038752,0,0.7725480236391189,0,609.5580844837202,0,-1194.38478307699,1]},{"transform":[0.704008265134008,0,0.710191778763317,0,0,1,0,0,-0.710191778763317,0,0.704008265134008,0,681.7841076127843,0,-1155.79287491789,1]},{"transform":[0.6282707748634644,0,0.7779947515584292,0,0,1,0,0,-0.7779947515584292,0,0.6282707748634644,0,746.8749614960921,0,-1050.859076224735,1]},{"transform":[0.5472432781385201,0,0.8369735924939365,0,0,1,0,0,-0.8369735924939365,0,0.5472432781385201,0,803.4946487941791,0,-884.4746837316359,1]},{"transform":[0.4631806205515309,0,0.8862639069405336,0,0,1,0,0,-0.8862639069405336,0,0.4631806205515309,0,850.8133506629123,0,-666.8941629301944,1]},{"transform":[0.3785824556106174,0,0.9255675687403027,0,0,1,0,0,-0.9255675687403027,0,0.3785824556106174,0,888.5448659906906,0,-412.6016492470804,1]},{"transform":[0.2960947001775701,0,0.9551585881552628,0,0,1,0,0,-0.9551585881552628,0,0.2960947001775701,0,916.9522446290523,0,-138.7650120222348,1]},{"transform":[0.2184281840190746,0,0.9758530260372866,0,0,1,0,0,-0.9758530260372866,0,0.2184281840190746,0,936.8189049957952,0,136.4259868227797,1]},{"transform":[0.1483087780696913,0,0.9889411035787091,0,0,1,0,0,-0.9889411035787091,0,0.1483087780696913,0,949.3834594355608,0,395.2178706877035,1]},{"transform":[0.08847388296269559,0,0.9960784969235623,0,0,1,0,0,-0.9960784969235623,0,0.08847388296269559,0,956.2353570466198,0,621.25950716341,1]},{"transform":[0.04173064102269702,0,0.9991288973900389,0,0,1,0,0,-0.9991288973900389,0,0.04173064102269702,0,959.1637414944373,0,799.8590312833369,1]},{"transform":[0.01109137145414167,0,0.9999384888478222,0,0,1,0,0,-0.9999384888478222,0,0.01109137145414167,0,959.9409492939093,0,917.4110984760437,1]},{"transform":[0,0,1,0,0,1,0,0,-1,0,0,0,960,0,959.9999999999998,1]}],"beginTime":0,"repeatCount":0,"fillMode":"removed","property":"transform","autoreverses":false,"duration":1.5,"keyTimes":[0,0.04545454545454546,0.09090909090909091,0.1363636363636364,0.1818181818181818,0.2272727272727273,0.2727272727272727,0.3181818181818182,0.3636363636363636,0.4090909090909091,0.4545454545454545,0.5,0.5454545454545454,0.5909090909090909,0.6363636363636364,0.6818181818181818,0.7272727272727273,0.7727272727272727,0.8181818181818182,0.8636363636363636,0.9090909090909091,0.9545454545454546,1]}],"fillMode":"both","autoreverses":false,"duration":1.5}],"layers":[{"animations":[],"layers":[],"initialState":{"affineTransform":[1,0,0,1,0,0],"masksToBounds":false,"rotation":0,"scale":1,"position":{"pointX":960,"pointY":1350},"width":1920,"sublayerTransform":[1,0,0,0,0,1,0,0,0,0,1,0,0,0,0,1],"contentsRect":{"y":0,"x":0,"width":1,"height":1},"opacity":1,"edgeAntialiasingMask":251658240,"height":540,"hidden":false,"anchorPoint":{"pointX":0.5,"pointY":0.5}},"texture":"4DCFD554D4799F82D4A8F30EE5B56762"}],"texturedRectangle":{"isBackgroundTexture":false,"singleTextureOpacity":1,"textureType":0,"textBaseline":0,"textXHeight":0,"isVerticalText":false},"initialState":{"affineTransform":[1,0,0,1,0,0],"masksToBounds":false,"rotation":0,"scale":1,"position":{"pointX":960,"pointY":540},"width":1920,"sublayerTransform":[1,0,0,0,0,1,0,0,0,0,1,0,0,0,0,1],"contentsRect":{"y":0,"x":0,"width":1,"height":1},"opacity":1,"edgeAntialiasingMask":201326592,"height":1080,"hidden":false,"anchorPoint":{"pointX":0.5,"pointY":0.5}},"texture":"850040A376B75732407BC03D35876272"}]}]},"effects":[],"duration":1.5,"type":"transition","name":"com.apple.iWork.Keynote.BLTReflection","objectID":"0"}],"automaticPlay":false,"hyperlinks":[{"url":"http://localhost:2303/#/categories-association","targetRectangle":{"y":1029.59765625,"x":1867.59765625,"width":36.92046999931335,"height":36.92046999931335}}],"accessibility":[{"text":"pasted-image.tiff","targetRectangle":{"y":-92.69287109375,"x":-28.77991104125977,"width":1963.63037109375,"height":1298.220581054688}}],"baseLayer":{"animations":[],"initialState":{"affineTransform":[1,0,0,1,0,0],"masksToBounds":false,"rotation":0,"scale":1,"position":{"pointX":960,"pointY":540},"width":1920,"sublayerTransform":[1,0,0,0,0,1,0,0,0,0,1,0,0,0,0,1],"contentsRect":{"y":0,"x":0,"width":1,"height":1},"opacity":1,"edgeAntialiasingMask":251658240,"height":1080,"hidden":false,"anchorPoint":{"pointX":0.5,"pointY":0.5}},"objectID":"0","layers":[{"animations":[],"initialState":{"affineTransform":[1,0,0,1,0,0],"masksToBounds":false,"rotation":0,"scale":1,"position":{"pointX":960,"pointY":540},"width":1920,"sublayerTransform":[1,0,0,0,0,1,0,0,0,0,1,-0.0003500791246677598,0,0,0,1],"contentsRect":{"y":0,"x":0,"width":1,"height":1},"opacity":1,"edgeAntialiasingMask":251658240,"height":1080,"hidden":false,"anchorPoint":{"pointX":0.5,"pointY":0.5}},"layers":[{"animations":[],"layers":[],"texturedRectangle":{"isBackgroundTexture":false,"singleTextureOpacity":1,"textureType":0,"textBaseline":0,"textXHeight":0,"isVerticalText":false},"initialState":{"affineTransform":[1,0,0,1,0,0],"masksToBounds":false,"rotation":0,"scale":1,"position":{"pointX":960,"pointY":540},"width":1920,"sublayerTransform":[1,0,0,0,0,1,0,0,0,0,1,0,0,0,0,1],"contentsRect":{"y":0,"x":0,"width":1,"height":1},"opacity":1,"edgeAntialiasingMask":0,"height":1080,"hidden":false,"anchorPoint":{"pointX":0.5,"pointY":0.5}},"texture":"850040A376B75732407BC03D35876272"}]}]}}]}} )